begin
oe <-234
end 

