begin
oe1 <-234
oe2<-321
oe3<-oe1
end 

